simulator/dem/dem_10m.txt
ncols         617
nrows         734
xllcorner     494453.56135139
yllcorner     4246466
cellsize      10
NODATA_value  -9999
[rows 328 to 368 of 734, columns 186 to 278 of 617]
274 279 285 290 296 302 308 313 319 324 330 333 336 337 338 335 325 316 308 301 296 292 288 285 283 281 279 277 275 274 272 271 270 270 270 270 271 272 274 277 279 281 284 287 290 293 297 300 304 309 313 318 324 330 337 343 350 356 362 368 372 376 379 382 384 385 385 384 383 382 380 379 377 375 373 371 369 366 363 360 357 353 349 345 341 337 332 327 323 319 314 309 305
271 277 282 287 293 299 305 311 316 321 327 332 336 340 340 340 334 326 317 307 301 297 294 291 290 287 285 283 281 279 278 277 276 276 276 276 277 277 280 282 284 287 289 292 296 299 302 305 309 313 317 322 327 332 338 344 351 357 363 368 372 376 378 380 381 382 382 382 381 380 379 377 376 374 372 370 367 365 361 358 354 351 346 342 338 334 329 325 320 316 310 306 302
268 274 279 285 289 296 302 307 313 318 324 329 334 339 341 342 340 336 328 319 309 303 300 298 296 293 291 289 287 285 284 283 282 283 283 282 283 283 286 288 290 292 295 298 301 304 307 311 314 317 321 325 330 335 340 346 352 357 363 368 372 375 377 378 379 380 380 380 380 379 378 376 375 372 370 368 365 362 359 355 351 347 344 340 335 330 326 322 316 311 306 302 298
265 271 276 282 287 293 298 304 309 315 320 326 331 336 341 345 345 344 341 333 324 313 308 304 302 299 297 295 293 292 290 289 289 289 290 289 289 290 291 294 296 298 301 304 307 310 312 315 318 321 324 328 333 338 343 348 353 359 364 368 371 373 374 375 376 377 378 379 379 378 377 375 373 371 368 365 362 359 355 351 348 343 339 335 330 325 320 316 311 306 302 298 293
262 268 273 279 284 290 295 301 306 311 317 322 328 333 337 342 345 345 345 341 335 328 318 312 310 307 304 301 299 298 297 297 295 295 296 295 296 296 298 300 303 304 307 310 312 314 316 319 322 325 328 332 336 340 345 350 355 360 365 367 369 370 371 372 374 375 376 377 377 377 376 374 371 369 366 362 359 355 351 347 343 339 334 329 324 319 315 310 306 302 297 293 288
259 264 270 275 281 287 292 298 303 307 313 319 324 329 334 339 344 346 348 345 341 336 328 321 319 317 312 307 305 305 304 305 303 302 302 302 302 303 305 307 309 311 313 315 317 319 321 323 326 329 332 336 339 344 348 353 358 362 365 366 367 367 368 369 371 373 375 376 376 375 375 372 369 365 362 359 355 351 346 342 337 332 327 322 318 313 309 305 301 297 293 288 283
256 261 266 272 279 284 288 294 299 304 309 315 320 325 330 335 340 345 347 345 344 340 336 332 328 326 323 320 316 313 311 312 310 309 310 309 310 311 315 314 315 317 320 321 322 324 326 328 331 334 337 340 344 348 352 356 360 361 363 363 363 364 365 367 369 371 374 375 375 375 372 369 365 361 357 354 350 345 340 336 331 325 321 317 312 308 304 300 296 292 287 283 279
253 258 263 269 275 280 285 290 295 300 305 310 316 321 326 331 336 341 345 345 345 344 341 338 336 335 334 332 329 326 324 321 319 318 318 317 318 320 324 323 323 324 326 327 328 330 331 333 336 338 342 345 348 352 355 358 360 360 361 360 360 361 362 364 367 370 372 375 375 372 368 364 360 356 352 348 344 339 334 329 324 320 316 312 308 303 299 295 291 287 282 279 275
249 254 259 265 271 276 281 286 291 296 301 306 312 317 322 327 332 336 341 345 345 345 345 343 342 341 340 339 336 335 335 332 331 332 332 330 331 333 335 334 332 330 332 333 334 335 337 339 341 343 347 350 353 355 358 360 360 359 357 357 356 357 359 362 365 368 371 373 372 368 363 359 355 351 346 342 337 333 328 324 320 315 311 307 303 299 295 291 286 283 278 276 274
246 251 256 261 267 272 277 282 287 292 297 302 307 313 318 323 328 332 336 340 344 345 345 345 346 346 346 344 342 341 340 339 339 341 340 338 338 339 341 341 338 336 338 339 339 341 343 344 346 349 352 355 355 355 357 358 356 355 354 353 353 354 357 359 363 366 369 370 368 364 358 354 349 345 340 336 332 328 324 319 315 311 306 302 299 295 291 287 284 280 274 272 270
242 247 252 258 263 268 273 278 283 288 293 298 303 308 313 319 323 328 332 335 339 342 344 345 347 350 350 349 347 346 346 344 345 346 346 344 344 345 348 346 343 343 344 345 345 347 348 350 352 354 355 355 355 355 355 355 353 351 350 349 349 351 354 357 361 365 367 367 364 358 353 348 343 340 336 332 327 323 319 315 311 306 302 298 294 291 287 283 279 277 275 271 267
239 244 249 254 259 264 269 274 279 284 289 294 299 304 309 314 319 323 327 330 334 336 339 342 344 346 347 348 348 350 350 350 350 350 350 350 350 350 350 350 350 349 349 350 350 351 353 355 355 355 355 355 355 353 352 350 348 347 346 346 347 349 352 355 359 363 364 362 358 353 348 343 339 335 331 328 323 320 315 312 309 305 300 294 290 286 284 281 277 274 271 269 267
235 240 245 250 255 259 265 270 275 280 285 290 295 300 305 310 314 319 322 325 328 331 334 336 338 340 342 344 345 346 347 348 349 350 350 350 350 350 350 350 350 350 350 350 350 352 354 354 354 353 353 351 350 349 347 346 344 343 342 342 344 346 350 354 357 360 360 357 353 348 343 338 334 330 327 322 319 317 314 311 307 303 300 295 290 284 280 277 275 274 270 265 263
231 237 242 246 251 256 261 266 272 277 281 286 291 296 301 305 310 314 317 321 323 326 329 331 332 334 336 338 340 341 342 343 344 345 346 347 348 348 349 349 350 350 350 350 350 350 350 350 350 349 348 347 346 344 343 341 340 339 339 339 341 344 348 352 355 357 355 351 347 343 338 333 329 325 321 318 315 313 311 308 304 301 297 293 289 285 281 276 271 269 269 265 260
228 233 237 242 247 252 257 262 268 273 278 283 287 292 296 301 305 309 312 316 319 321 324 325 327 329 331 332 334 335 336 337 338 340 341 341 342 343 343 344 344 344 345 345 345 345 345 345 345 344 343 342 341 340 339 337 336 336 335 336 339 342 346 350 353 352 349 345 342 337 333 328 324 320 316 313 312 310 307 305 301 297 293 290 286 283 279 276 271 266 263 262 259
224 229 234 238 243 248 253 258 264 269 274 278 283 287 292 296 300 304 308 311 313 316 318 320 322 323 325 327 328 329 331 332 333 334 335 336 336 337 338 338 339 339 339 340 340 340 340 340 340 339 339 338 337 336 335 333 333 332 332 334 337 341 345 348 350 347 343 340 336 331 327 323 319 315 311 310 309 306 304 300 297 293 290 286 283 280 276 272 270 266 260 258 257
220 225 230 235 240 245 250 255 260 265 270 274 278 283 287 292 296 300 303 306 308 311 313 314 316 318 320 321 323 324 325 326 327 328 329 330 331 332 332 333 333 334 334 334 334 335 335 335 334 334 334 333 332 331 330 330 329 329 329 332 335 339 343 346 345 342 338 334 330 326 322 318 315 310 306 306 305 302 300 296 293 290 286 283 280 276 273 269 266 263 260 254 252
216 221 226 231 236 241 246 251 256 260 265 270 274 278 283 288 292 296 299 301 304 306 308 309 311 312 314 316 317 318 319 321 322 323 324 325 325 326 327 328 328 328 329 329 329 329 329 329 329 329 329 328 327 327 326 326 325 325 327 330 334 338 342 343 340 337 333 329 325 321 317 314 309 306 302 301 301 298 296 292 289 286 283 279 276 272 269 266 263 260 257 253 249
212 217 222 227 232 237 242 247 252 257 261 265 269 274 279 283 287 291 294 296 299 301 303 304 306 307 309 310 311 313 314 315 316 317 318 319 320 321 321 322 323 323 324 324 324 324 324 324 324 324 324 323 323 322 322 322 322 323 325 328 333 336 339 339 335 331 327 324 320 316 312 309 305 301 298 295 296 294 291 289 285 282 279 276 272 269 266 262 260 257 254 251 248
208 213 218 224 229 234 239 243 248 253 257 261 265 270 274 278 282 286 289 292 295 297 298 299 301 303 304 305 306 308 308 310 311 312 313 314 315 315 316 317 317 318 318 319 319 319 319 319 319 319 319 319 319 318 318 318 319 320 323 327 331 335 336 334 330 326 322 319 315 312 309 304 302 297 294 291 291 290 287 284 281 278 275 272 269 266 263 259 256 253 250 248 245
205 210 215 220 225 230 235 239 244 248 253 257 261 265 269 274 278 281 284 287 290 292 294 295 296 298 299 300 302 303 304 305 306 307 308 309 309 310 311 311 312 313 313 313 314 314 314 314 314 314 314 315 315 314 314 315 316 318 322 326 330 332 332 329 325 321 317 314 311 307 304 301 297 294 290 286 286 285 283 280 277 274 271 268 265 262 259 256 253 250 247 244 242
201 207 212 217 222 227 231 236 240 244 248 253 257 261 265 269 273 276 280 283 286 288 289 290 292 293 294 296 297 298 299 300 301 302 303 304 304 305 306 306 307 307 308 308 308 309 309 309 310 309 310 310 310 310 311 312 314 317 320 325 328 330 327 323 319 316 312 309 306 302 299 298 293 290 286 282 279 280 278 276 273 270 267 264 261 258 255 252 250 247 244 242 239
199 204 210 214 219 223 228 232 236 240 244 248 252 257 261 265 268 272 276 279 281 283 285 286 287 289 290 291 292 293 294 295 296 297 298 299 299 300 301 301 302 302 303 303 303 304 304 304 305 305 305 306 306 307 308 309 312 316 320 323 325 324 321 318 314 310 307 304 301 298 294 292 290 286 284 281 276 273 274 272 269 266 263 261 258 255 252 249 247 244 241 239 236
196 202 207 212 216 220 224 228 232 236 240 244 248 252 256 260 264 268 271 274 277 279 281 282 283 285 286 287 288 289 290 291 292 292 293 294 295 295 296 297 297 298 298 298 299 299 299 299 300 300 301 301 302 303 304 307 311 315 318 320 319 318 315 313 309 305 302 298 295 293 290 286 285 284 280 279 275 269 267 267 265 262 259 257 254 251 248 246 243 241 238 235 233
195 200 204 209 212 216 220 224 228 232 236 239 243 248 252 256 260 264 267 270 273 275 276 278 279 281 282 283 284 285 285 287 287 288 289 290 290 290 291 292 292 293 294 294 294 295 295 295 295 295 296 297 298 300 303 306 310 314 315 313 313 311 309 306 303 300 297 293 290 288 286 282 279 279 276 275 272 267 262 262 261 258 256 253 251 248 245 242 240 237 235 233 230
192 197 201 205 209 212 216 220 224 227 231 235 239 243 247 251 256 259 263 266 268 271 273 274 275 277 278 279 280 281 281 282 283 284 285 285 285 286 286 287 288 288 289 290 290 290 291 290 290 291 291 293 295 298 300 303 306 308 308 305 304 303 300 299 296 293 291 288 285 283 282 279 274 273 272 269 268 265 261 257 257 255 252 249 247 244 242 239 237 234 232 229 227
188 193 197 201 204 208 212 216 220 223 226 230 234 238 242 247 252 255 258 261 264 267 269 270 271 273 274 275 276 277 277 279 280 280 281 281 280 281 281 282 283 284 285 285 286 286 286 286 286 286 287 289 292 294 295 294 297 300 301 299 294 294 292 292 289 286 284 283 279 278 277 275 271 266 267 266 263 261 258 253 252 251 248 245 243 240 238 236 233 231 229 226 225
183 188 192 196 201 204 208 212 215 218 222 226 229 233 237 243 247 251 254 257 260 263 265 266 268 269 270 271 272 272 273 275 276 276 276 276 276 276 277 277 278 280 280 281 282 283 282 281 281 282 284 287 289 288 288 287 290 293 293 291 287 286 285 284 282 280 278 277 274 272 271 270 268 263 262 261 259 256 254 251 247 246 244 242 239 237 235 233 230 228 226 224 221
178 182 187 191 196 200 205 209 211 215 218 221 224 228 232 238 242 246 250 253 256 259 261 262 263 264 266 267 267 268 269 270 272 272 272 271 270 271 272 273 274 275 276 277 278 278 277 276 276 278 281 284 283 283 282 281 285 287 286 284 281 279 279 276 275 274 272 271 269 267 265 265 263 259 257 257 254 252 250 247 244 240 240 238 235 233 231 229 227 225 223 221 219
174 178 182 187 191 196 201 205 208 212 214 217 219 223 227 232 237 241 245 249 252 255 257 258 259 261 262 263 263 264 265 267 268 268 267 265 265 265 267 268 270 271 272 274 275 274 271 271 271 274 277 277 277 277 276 275 277 280 279 278 276 273 272 271 269 268 266 264 264 261 259 260 258 254 251 252 250 248 246 243 241 238 236 234 232 230 228 226 224 222 220 218 216
172 176 180 183 188 193 197 201 205 208 211 213 215 218 221 226 231 235 239 243 247 250 252 254 255 257 258 259 259 259 261 263 265 263 261 259 259 260 262 264 266 267 269 271 272 270 266 264 266 270 271 271 270 270 271 270 269 271 273 272 269 266 266 265 264 263 261 259 259 256 254 254 252 251 247 246 245 243 241 239 236 235 232 230 228 226 224 223 220 218 216 215 213
169 173 176 179 185 190 193 197 201 205 207 209 212 214 217 221 225 230 233 237 241 244 247 250 251 253 254 254 254 254 257 260 261 259 256 253 253 255 257 260 262 264 265 267 268 266 262 259 262 264 265 264 264 264 264 264 263 263 266 267 265 261 259 259 258 256 256 255 253 252 249 249 247 246 245 240 240 238 237 235 232 231 228 226 224 222 221 219 217 215 213 212 210
166 169 171 175 180 185 188 193 197 201 203 207 209 210 213 216 220 223 227 231 235 238 241 244 247 249 249 249 249 249 251 252 254 253 248 246 247 250 254 256 258 260 262 263 264 262 257 254 258 259 259 258 257 257 258 257 257 256 259 258 258 256 252 252 252 251 250 248 247 246 244 243 243 241 239 236 235 234 232 231 229 227 225 222 221 219 217 215 214 212 211 209 207
162 165 168 172 176 180 184 189 193 196 200 203 205 206 210 212 215 217 222 225 228 231 234 238 241 244 245 244 243 241 243 243 243 242 240 239 241 246 250 251 253 256 257 258 258 256 251 247 252 252 252 252 251 251 252 251 251 250 251 251 251 251 247 246 246 245 244 243 242 241 240 237 237 236 234 232 230 230 227 226 224 223 221 219 217 215 214 212 211 209 207 206 204
159 161 164 169 172 175 180 184 187 192 196 198 201 203 206 208 210 212 215 219 222 225 228 232 235 237 238 237 237 233 233 235 235 233 231 231 237 243 245 246 248 251 251 252 252 249 243 239 245 246 245 245 245 245 245 245 245 245 244 244 244 244 242 240 240 239 239 237 236 235 235 232 232 231 229 228 225 225 223 222 220 219 218 215 213 212 210 209 208 206 205 203 202
154 156 161 164 167 172 175 179 183 187 191 194 196 200 201 204 206 208 211 214 216 219 223 225 227 229 229 228 231 228 225 227 227 225 223 227 235 239 240 241 243 244 245 245 245 241 234 230 237 239 239 239 239 238 240 239 239 239 239 238 237 238 235 233 234 234 233 232 231 230 229 227 227 226 225 222 221 220 219 217 216 215 214 212 210 209 207 206 204 203 202 201 200
146 146 151 154 160 165 169 174 178 182 185 189 192 195 197 199 202 204 207 208 210 214 216 217 218 220 222 220 223 223 220 221 219 216 215 222 229 232 233 235 237 238 239 239 238 235 228 223 228 233 233 232 232 233 233 234 233 233 233 231 232 232 229 227 227 228 227 226 225 224 224 222 222 221 220 218 217 216 214 213 212 211 210 208 207 205 204 203 201 201 199 198 197
136 139 142 146 152 156 161 166 171 175 180 183 187 190 191 194 196 198 200 202 203 207 209 208 210 212 213 213 215 214 212 213 209 205 206 216 224 225 227 229 231 232 232 233 231 228 221 216 223 227 227 225 226 227 227 228 228 226 227 224 225 225 223 222 222 222 221 220 220 219 219 217 217 216 215 214 213 212 210 209 208 207 206 205 204 202 201 200 198 198 197 196 195
130 132 134 141 145 149 155 158 162 168 171 177 179 182 182 186 188 189 191 192 194 198 198 201 204 205 204 205 206 206 202 203 201 195 201 211 217 219 221 224 225 226 226 227 225 220 216 210 217 220 221 220 221 221 221 222 222 220 221 218 219 219 218 217 217 217 216 215 214 214 213 212 212 211 210 209 209 208 206 204 204 203 202 201 200 199 198 197 196 195 194 193 192
125 128 131 135 136 139 147 151 155 161 165 168 170 171 175 177 179 181 183 184 186 190 191 194 195 196 196 197 198 197 193 196 195 190 197 204 210 214 216 218 219 220 220 220 217 214 210 207 211 214 215 214 215 215 215 215 216 214 215 214 212 213 213 212 212 211 211 211 209 209 208 205 207 207 206 205 204 203 202 201 200 199 199 198 197 195 195 194 193 192 191 191 190
121 124 126 130 131 135 140 142 147 150 156 158 160 163 167 169 172 174 176 178 179 182 184 186 187 188 190 190 190 188 185 190 188 188 193 199 205 207 210 212 212 212 213 213 210 207 205 203 206 208 209 209 209 209 209 209 210 208 210 209 207 208 208 207 208 206 206 206 204 204 204 202 203 202 201 201 200 199 198 198 196 196 195 194 193 192 192 191 190 190 189 188 188
