simulator/dem/dem_10m.txt
ncols         617
nrows         734
xllcorner     494453.56135139
yllcorner     4246466
cellsize      10
NODATA_value  -9999
[rows 451 to 491 of 734, columns 93 to 185 of 617]
1 1 3 17 38 52 68 86 101 114 127 140 150 156 161 163 166 169 172 175 177 181 184 187 190 193 196 199 203 205 208 211 214 216 218 221 224 226 229 231 234 237 239 242 245 247 250 252 255 258 261 264 267 270 272 275 278 280 282 284 286 288 289 291 293 295 298 300 303 306 309 313 316 319 321 323 325 327 329 331 334 337 341 344 347 349 350 351 352 351 350 349 349
1 1 3 15 36 51 65 81 95 107 119 131 143 153 159 163 165 168 171 174 177 180 183 186 189 192 195 198 201 204 207 210 213 215 218 220 223 226 228 231 233 236 238 241 244 246 248 251 254 257 260 262 265 268 271 273 275 278 280 282 284 286 288 290 292 294 297 300 302 305 309 312 314 316 318 320 322 324 326 329 331 335 339 343 347 350 353 355 356 357 356 357 357
1 1 2 11 32 51 63 76 89 100 113 125 138 150 157 161 165 168 171 174 176 179 182 185 188 191 194 198 201 203 206 209 212 214 217 220 222 224 227 230 232 235 237 240 242 244 247 249 252 255 258 261 264 266 269 272 274 276 278 280 282 284 286 289 291 293 296 299 301 304 307 309 311 313 315 317 318 321 324 327 331 336 339 343 347 351 353 356 359 360 362 363 363
1 1 1 8 28 49 61 73 84 95 107 119 132 146 156 160 164 167 170 173 175 178 181 184 187 190 193 196 200 203 206 208 211 213 215 218 220 223 225 228 231 233 236 239 241 243 245 248 250 253 256 259 262 265 267 270 272 274 276 278 280 283 285 287 290 292 294 297 300 302 304 306 307 309 311 314 317 320 324 328 333 338 341 345 348 351 354 357 359 362 365 367 368
1 1 1 5 24 46 57 70 81 92 103 114 128 143 155 160 164 167 169 172 174 178 181 184 187 190 193 196 200 203 206 208 210 212 215 218 220 222 224 227 230 232 235 239 241 243 245 247 250 252 255 258 261 264 266 268 270 272 275 277 279 281 283 286 288 291 293 295 298 300 301 303 305 307 310 315 318 321 326 331 335 339 342 344 347 350 352 356 359 362 365 368 371
1 1 1 5 21 42 54 67 79 90 100 112 126 144 156 161 164 167 170 173 176 179 182 186 189 192 195 197 201 204 207 209 211 213 217 219 221 223 225 228 231 233 236 239 241 243 245 247 249 252 254 257 260 262 264 266 269 271 273 275 277 280 282 284 287 289 292 294 296 298 299 301 304 308 311 315 318 322 326 330 334 338 339 341 344 346 349 352 356 360 364 369 372
1 1 1 4 18 38 51 63 75 87 98 111 126 144 156 162 165 169 172 175 178 181 184 187 190 193 196 199 202 205 207 209 211 215 218 221 223 225 227 229 233 235 236 238 240 242 244 246 249 251 253 256 258 260 262 264 267 269 271 273 276 278 281 283 286 288 290 292 293 295 297 300 304 308 310 313 316 320 324 327 330 333 335 337 340 342 346 350 354 358 363 368 372
1 1 1 2 12 30 46 58 69 81 95 109 126 144 156 161 164 168 171 174 177 180 183 186 189 192 195 198 202 204 207 209 212 215 218 221 223 224 226 229 231 233 235 237 239 241 243 245 247 249 252 254 256 258 259 262 265 268 270 271 274 277 279 282 284 286 287 289 291 293 296 299 302 305 307 309 313 316 320 322 325 327 331 334 338 341 345 349 353 357 362 367 372
1 1 1 1 6 22 40 53 64 76 92 108 125 143 155 160 163 166 169 172 175 179 182 185 188 191 194 197 201 204 206 209 211 214 217 219 221 223 224 227 229 231 233 235 237 239 241 243 245 248 250 252 254 256 258 260 263 266 268 270 272 275 278 280 281 283 284 287 290 292 295 298 299 302 304 307 310 314 316 319 322 325 329 333 336 340 344 348 352 356 361 365 370
1 1 1 1 3 15 33 48 61 74 91 107 123 142 154 159 162 165 168 171 175 178 181 184 187 190 193 196 199 203 205 208 210 213 215 217 219 221 222 225 227 229 231 233 235 237 239 241 244 246 248 250 251 253 256 259 262 264 266 269 271 273 275 276 278 280 283 286 289 292 293 296 298 300 304 307 310 313 316 320 323 327 330 333 336 339 343 347 351 355 359 363 368
1 1 1 1 2 9 26 46 61 75 91 106 120 136 150 158 161 164 167 170 173 177 180 183 185 188 191 195 198 201 203 206 209 211 213 215 217 219 220 223 225 227 229 231 233 236 238 240 242 244 246 248 249 252 255 258 260 262 265 267 269 271 272 274 276 279 283 286 288 290 292 296 300 303 306 310 312 315 318 321 326 330 333 336 339 341 345 348 351 355 359 363 366
1 1 1 1 1 3 17 42 63 76 91 105 118 131 145 156 160 163 166 169 172 175 178 181 184 187 190 193 196 199 201 204 206 208 210 213 215 216 218 220 222 224 226 229 231 234 236 238 239 241 243 245 248 251 253 256 259 261 263 265 267 269 271 273 276 279 282 285 286 288 293 298 301 305 308 311 313 316 319 323 327 331 335 339 342 345 348 352 356 359 362 365 369
1 1 1 1 1 1 9 35 62 76 90 104 118 131 142 153 159 162 165 168 171 174 177 179 182 185 188 191 194 196 199 201 204 206 208 210 212 214 216 218 220 222 224 227 229 232 234 235 237 239 242 244 247 249 252 254 256 258 260 262 265 269 270 273 275 278 281 283 287 290 295 299 302 306 309 311 314 317 321 325 328 331 335 339 343 347 350 355 360 363 366 369 373
1 1 1 1 1 1 5 26 54 73 88 104 118 130 141 151 157 161 164 167 169 172 175 178 180 183 186 189 191 194 196 199 201 204 206 208 210 212 214 216 218 220 222 225 227 229 231 233 236 238 241 243 245 247 249 251 253 255 259 262 265 267 268 270 273 276 280 284 288 293 298 301 304 307 310 313 316 320 325 328 330 333 337 341 344 348 352 358 363 367 370 374 378
1 1 1 1 1 1 2 12 38 62 81 101 117 129 139 147 154 159 162 165 168 171 173 176 179 182 185 187 189 192 194 197 199 202 204 206 208 210 212 214 216 219 221 222 225 226 228 231 234 237 239 240 242 244 246 248 251 255 259 261 264 266 267 270 273 277 282 286 291 295 299 303 306 309 312 315 319 323 327 331 334 337 341 344 347 351 355 360 365 369 373 376 380
-9999 1 1 1 1 1 1 6 27 53 75 97 115 126 134 141 150 157 161 164 166 170 172 175 178 180 183 186 188 190 193 195 198 200 202 204 206 209 211 213 215 216 218 220 222 225 227 229 232 234 236 237 239 242 245 248 252 255 259 262 265 267 270 273 276 280 283 287 291 295 299 303 307 311 314 317 320 324 328 332 336 340 343 347 351 354 358 363 367 370 373 375 378
-9999 1 1 1 1 1 1 5 22 48 69 88 107 119 127 136 146 155 159 162 165 168 171 173 176 179 182 184 187 189 191 194 196 198 200 202 204 206 209 211 212 214 215 217 220 223 226 227 229 232 234 236 240 243 247 250 253 256 260 263 267 270 272 274 277 280 284 287 291 296 300 304 308 311 314 317 320 323 328 332 337 340 344 348 352 356 360 364 367 368 369 371 373
-9999 -9999 1 1 1 1 1 3 16 39 60 77 93 109 121 133 143 152 158 161 164 167 169 172 175 177 180 183 185 187 190 192 194 196 198 199 201 203 206 207 209 211 213 215 218 221 225 227 229 232 235 238 242 246 249 252 254 257 260 264 268 271 272 275 277 280 283 287 292 297 301 305 307 310 312 314 317 321 326 330 335 339 343 348 352 357 361 364 366 365 365 366 367
-9999 -9999 1 1 1 1 1 2 8 25 49 67 83 100 115 127 137 147 156 160 163 165 168 171 173 176 179 181 183 186 188 189 191 192 194 196 199 200 202 205 207 210 212 215 218 222 226 228 231 234 237 241 244 247 250 252 254 257 260 263 267 270 273 275 278 282 285 289 293 297 300 303 305 307 308 311 314 319 323 328 333 338 343 347 352 356 360 362 363 362 362 362 362
-9999 -9999 -9999 1 1 1 1 1 2 13 37 57 75 92 106 118 130 143 154 159 162 164 166 169 172 174 176 178 181 183 185 186 187 188 190 193 197 199 201 204 208 211 214 217 221 225 228 230 233 236 239 242 245 248 250 252 254 257 260 263 266 269 273 276 279 283 286 289 292 295 298 299 301 303 306 309 313 317 322 326 331 336 341 345 349 353 355 358 359 359 358 358 358
-9999 -9999 -9999 1 1 1 1 1 1 6 26 49 68 84 98 110 124 137 150 156 159 161 163 166 168 170 173 174 177 179 182 185 186 188 191 194 198 201 203 207 211 214 217 220 223 226 228 231 234 238 241 243 246 248 250 252 254 257 260 263 266 269 274 277 279 281 284 286 288 291 293 296 298 301 305 308 312 316 321 325 330 334 338 341 344 347 350 352 353 354 354 354 354
-9999 -9999 -9999 1 1 1 1 1 1 4 17 40 61 77 90 103 117 131 143 150 152 155 158 162 164 166 169 173 176 180 183 186 188 191 194 197 200 203 206 210 213 217 219 221 223 226 229 232 235 238 240 243 245 248 250 252 254 257 260 263 266 270 273 275 277 278 280 282 284 287 290 294 297 300 304 307 311 315 320 324 329 332 334 336 338 341 343 345 346 347 349 350 350
-9999 -9999 -9999 -9999 1 1 1 1 1 2 10 28 51 69 83 95 110 125 137 144 147 151 155 159 163 166 170 175 179 182 185 187 190 193 195 197 200 203 206 210 213 216 219 221 224 226 229 232 235 238 239 242 245 248 250 252 254 256 259 262 264 267 270 272 274 277 278 281 283 286 289 292 296 300 303 307 311 315 319 322 324 326 328 329 331 332 334 336 338 341 343 344 345
-9999 -9999 -9999 -9999 1 1 1 1 1 1 4 18 41 63 78 89 103 120 134 144 148 154 159 162 165 169 173 177 179 182 185 188 191 193 195 197 200 203 206 209 212 214 217 220 224 227 228 231 234 236 239 242 246 249 251 253 254 254 256 259 262 265 268 271 274 276 280 283 285 288 290 293 296 300 303 307 310 314 316 316 316 316 317 318 320 323 325 327 330 334 336 337 339
-9999 -9999 -9999 -9999 -9999 1 1 1 1 1 2 12 34 57 74 87 102 121 136 147 153 158 162 165 168 171 174 176 179 181 184 187 190 193 196 198 201 205 207 210 212 215 218 221 224 226 229 231 233 236 239 243 247 250 253 254 255 256 257 259 262 265 268 271 274 278 281 285 288 290 292 294 297 300 303 306 308 309 310 308 305 304 305 307 309 313 316 320 324 328 330 331 333
-9999 -9999 -9999 -9999 -9999 1 1 1 1 1 1 8 29 54 73 90 107 126 141 151 156 159 163 165 168 170 173 176 178 181 183 186 189 192 195 198 201 204 207 210 213 217 219 222 224 226 229 231 233 236 239 243 247 250 253 256 257 257 258 261 263 266 269 272 276 279 282 286 289 292 294 295 296 298 300 302 302 302 300 297 294 294 297 303 306 309 312 317 321 324 327 330 333
-9999 -9999 -9999 -9999 -9999 1 1 1 1 1 1 6 25 53 76 94 111 129 144 153 157 159 162 165 167 170 172 175 177 180 182 185 188 191 194 197 200 203 206 209 212 215 218 221 223 225 227 230 232 235 238 242 246 249 252 255 257 258 260 262 264 266 270 273 277 280 282 285 288 291 292 292 292 293 293 294 293 292 290 288 287 290 297 303 307 309 312 315 318 322 326 330 335
-9999 -9999 -9999 -9999 -9999 1 1 1 1 1 1 4 20 50 77 97 114 130 144 153 156 159 161 164 166 169 171 174 176 179 182 184 187 190 192 195 198 202 204 207 210 213 216 219 221 223 225 228 231 234 237 240 244 247 250 253 255 258 260 263 265 267 271 274 276 279 282 284 286 287 287 286 285 285 284 284 283 282 281 280 283 290 295 298 302 305 308 311 315 319 325 330 335
-9999 -9999 -9999 -9999 -9999 -9999 1 1 1 1 1 2 13 43 75 97 115 130 143 151 156 158 161 163 165 168 170 173 175 178 181 183 186 188 191 194 197 200 203 205 208 211 214 217 219 221 223 226 229 232 236 239 242 245 248 251 253 256 259 262 264 267 270 272 275 278 280 282 284 283 282 281 280 279 278 277 275 274 273 276 282 287 291 293 295 299 303 308 314 320 326 331 336
-9999 -9999 -9999 -9999 -9999 -9999 1 1 1 1 1 1 9 36 71 93 113 129 142 150 154 157 159 162 164 167 169 172 174 177 179 182 185 187 190 193 195 198 201 204 206 209 212 215 217 219 222 225 228 231 235 238 241 243 246 248 250 253 256 258 261 264 267 269 272 275 278 280 281 280 279 278 278 277 276 273 270 268 269 274 279 283 286 288 292 297 303 309 316 323 328 333 339
-9999 -9999 -9999 -9999 -9999 -9999 1 1 1 1 1 1 6 30 64 87 108 127 142 151 154 156 159 161 164 166 168 171 173 176 178 181 183 186 188 191 194 196 199 202 204 207 210 213 215 218 220 224 227 231 234 237 239 241 243 245 247 249 252 255 258 261 264 267 270 273 276 277 277 275 274 274 273 273 272 269 266 264 267 271 274 277 280 285 291 298 305 312 319 325 330 334 340
-9999 -9999 -9999 -9999 -9999 -9999 -9999 1 1 1 1 1 5 25 57 82 104 125 141 150 154 156 158 161 163 165 168 170 173 175 178 180 182 184 187 189 191 194 196 199 202 204 207 210 213 216 219 222 225 228 232 235 237 239 241 242 244 248 251 254 257 260 263 266 270 273 275 275 274 271 270 270 269 269 268 265 262 260 262 266 269 273 278 285 292 299 307 314 320 326 331 334 338
-9999 -9999 -9999 -9999 -9999 -9999 -9999 1 1 1 1 1 3 20 49 77 101 122 138 148 153 156 158 160 162 165 167 169 171 174 176 178 180 182 184 186 188 190 193 196 198 201 203 206 210 213 216 218 221 224 228 233 236 238 240 242 245 248 251 255 257 260 263 266 269 272 273 272 270 268 266 266 266 266 264 262 258 257 259 263 267 273 279 286 293 300 307 313 319 324 328 331 335
-9999 -9999 -9999 -9999 -9999 -9999 -9999 1 1 1 1 1 2 12 41 73 96 117 134 145 152 155 157 159 161 163 165 167 169 172 174 176 178 180 182 184 186 188 190 193 196 198 201 204 207 210 212 215 217 221 226 231 234 237 241 243 246 248 251 254 256 259 262 265 268 270 270 269 266 264 263 262 263 263 261 258 256 255 258 262 267 274 280 286 292 298 305 311 316 320 324 328 331
-9999 -9999 -9999 -9999 -9999 -9999 -9999 1 1 1 1 1 1 9 35 67 89 113 131 142 149 152 155 157 159 161 163 165 167 169 172 174 176 180 183 186 188 190 192 194 197 200 202 204 207 209 212 215 218 222 226 231 234 237 240 243 245 247 249 251 254 257 260 263 265 267 268 266 263 261 260 260 260 259 257 255 252 253 256 260 266 272 278 284 290 295 301 306 311 316 320 325 328
-9999 -9999 -9999 -9999 -9999 -9999 -9999 -9999 1 1 1 1 1 7 31 60 84 111 130 141 147 151 154 156 158 161 163 165 167 169 172 175 178 182 186 189 192 194 196 198 201 203 205 207 209 212 214 218 221 225 228 231 234 237 239 241 243 244 246 249 252 255 258 261 264 265 265 263 261 259 258 258 257 255 253 251 250 251 255 258 263 268 274 280 286 292 297 301 307 312 317 323 327
-9999 -9999 -9999 -9999 -9999 -9999 -9999 -9999 1 1 1 1 1 7 30 59 83 110 131 143 150 153 155 157 160 163 166 168 170 173 175 177 180 183 187 190 193 195 197 199 202 205 207 209 212 214 217 219 222 225 228 230 233 235 237 238 239 241 244 248 251 254 256 260 262 264 263 260 258 256 255 255 253 251 249 249 249 252 254 256 259 264 268 274 282 288 292 299 306 311 317 322 325
-9999 -9999 -9999 -9999 -9999 -9999 -9999 -9999 1 1 1 1 1 8 32 62 83 108 131 145 152 155 158 160 162 165 168 171 173 175 176 178 181 183 186 189 191 193 195 198 201 204 207 209 212 214 216 218 220 223 226 229 231 232 233 234 236 240 243 247 250 252 254 257 260 261 260 257 254 252 252 251 250 248 247 248 250 255 258 258 259 262 267 271 279 285 292 300 306 312 316 319 322
-9999 -9999 -9999 -9999 -9999 -9999 -9999 -9999 1 1 1 1 1 8 34 65 84 107 130 145 152 155 158 160 163 166 169 171 173 174 175 177 180 182 184 186 188 191 194 196 200 202 205 207 210 212 213 215 217 220 223 226 227 227 227 228 232 236 240 243 246 248 250 253 256 257 256 252 248 247 247 247 246 245 246 249 253 257 262 264 265 267 271 275 280 287 294 301 305 310 313 317 321
-9999 -9999 -9999 -9999 -9999 -9999 -9999 -9999 1 1 1 1 1 8 34 65 83 106 127 143 151 153 156 158 161 164 166 169 170 172 173 175 178 180 182 184 186 189 192 195 198 201 203 205 207 208 209 210 211 215 218 220 221 220 219 220 225 230 233 236 238 241 243 245 248 250 249 246 244 244 244 244 244 245 247 252 257 261 265 269 272 275 278 281 285 290 296 301 304 308 312 317 321
-9999 -9999 -9999 -9999 -9999 -9999 -9999 -9999 1 1 1 1 1 8 34 63 80 103 125 141 149 151 154 156 159 162 164 166 168 170 171 173 176 178 180 182 184 187 191 193 196 198 200 202 203 202 202 202 204 207 210 212 214 213 211 213 217 222 226 229 231 234 237 240 243 245 244 244 244 245 245 245 245 246 250 255 262 267 268 271 277 282 283 285 288 293 298 302 306 310 315 319 325
