simulator/dem/dem_10m.txt
ncols         617
nrows         734
xllcorner     494453.56135139
yllcorner     4246466
cellsize      10
NODATA_value  -9999
[rows 287 to 327 of 734, columns 279 to 371 of 617]
299 299 300 302 302 302 302 303 303 301 299 296 291 283 275 266 259 251 244 236 229 222 214 209 204 200 195 189 183 178 173 167 162 157 151 146 141 136 132 128 124 119 115 111 107 104 101 98 95 92 89 87 84 82 80 78 76 75 73 71 70 68 67 66 64 63 61 59 56 53 47 40 44 51 56 62 66 68 70 73 75 76 76 76 75 74 75 78 84 88 90 91 91
302 304 306 307 307 307 306 306 304 302 299 296 292 283 274 266 256 249 243 236 230 225 219 214 207 202 197 192 186 180 175 169 164 158 153 148 143 138 133 128 124 120 116 112 109 105 103 100 96 93 90 88 86 84 81 79 77 76 74 72 71 70 68 67 65 64 62 60 57 54 48 40 47 55 59 61 65 70 71 74 77 78 79 80 78 76 75 77 82 87 91 93 93
306 308 309 310 311 310 309 307 305 302 298 294 287 280 273 268 262 256 250 240 235 227 221 214 208 203 199 194 188 182 176 171 165 159 154 149 144 139 135 130 126 122 118 114 110 107 104 100 97 94 92 89 87 84 82 80 79 77 75 74 72 71 69 68 66 65 64 61 59 55 48 44 50 57 62 64 65 69 72 75 78 80 81 82 80 78 77 78 81 85 89 93 94
309 311 313 313 313 312 311 308 304 299 295 291 290 289 282 273 266 259 250 243 236 229 223 217 211 205 201 195 189 183 178 173 167 161 156 150 145 141 136 132 127 123 120 116 112 108 105 102 98 96 93 90 88 85 83 82 80 78 76 75 73 72 70 69 67 65 65 62 60 56 47 45 52 58 64 68 68 69 72 75 78 81 83 84 80 79 80 81 83 85 88 92 95
312 314 315 315 315 313 311 307 302 299 295 296 298 295 287 277 268 261 253 245 237 231 224 219 213 207 201 196 191 185 179 174 168 163 157 152 147 143 138 133 129 125 120 116 113 109 105 102 99 96 93 91 89 87 85 83 81 79 77 76 74 72 71 69 67 65 63 62 60 54 44 48 57 61 65 70 71 73 75 75 77 81 84 85 82 81 82 84 86 89 91 93 95
315 316 316 316 315 312 310 307 303 300 300 301 300 296 288 277 269 262 254 246 239 232 227 221 214 208 202 197 192 186 181 175 170 163 158 153 148 144 140 134 130 125 121 117 113 109 106 103 100 97 94 92 90 88 86 84 82 80 78 77 75 73 71 70 67 65 63 61 57 51 44 51 59 64 67 70 74 78 79 79 79 82 85 84 84 83 82 85 89 92 94 95 95
316 316 316 315 314 312 309 307 304 302 302 302 300 296 289 279 271 263 255 247 240 234 228 222 215 209 204 199 193 188 182 177 171 165 160 154 149 145 140 135 131 126 122 119 115 111 107 104 101 98 96 94 91 89 87 85 83 81 79 77 76 74 72 70 68 65 63 60 55 45 46 54 59 64 68 72 74 79 80 81 82 84 86 85 85 84 82 83 86 90 93 96 97
316 316 316 314 313 311 309 307 305 304 304 303 300 297 290 281 272 264 256 248 241 235 229 222 216 209 204 199 194 188 183 177 172 167 162 156 151 147 141 137 132 128 124 120 116 112 108 105 102 99 97 95 92 89 87 85 83 81 80 78 76 74 72 70 67 65 62 59 51 46 54 60 64 65 67 75 76 79 81 83 85 86 88 89 88 86 83 82 84 88 92 96 99
316 316 315 314 313 311 310 308 307 306 305 303 301 297 291 282 274 265 258 249 242 234 228 222 216 210 205 200 195 189 184 179 173 168 163 158 153 148 142 138 134 129 124 120 116 112 109 106 103 100 97 94 92 90 88 86 84 82 80 78 76 75 73 69 67 65 61 57 50 52 60 63 66 69 69 75 80 80 80 84 86 88 89 90 89 87 85 83 83 85 89 94 98
316 315 315 314 313 312 310 310 308 307 305 304 301 298 292 283 275 266 258 250 242 236 229 223 217 211 205 200 195 190 185 179 174 169 164 158 154 149 144 139 134 130 126 121 117 113 109 106 103 100 98 95 93 91 89 87 85 83 81 79 77 75 73 69 66 64 59 54 50 59 66 70 69 71 73 74 78 80 81 85 87 90 90 91 91 90 88 85 83 83 86 91 95
316 316 315 314 313 312 311 310 309 307 305 304 301 298 292 283 276 267 258 251 243 237 231 224 217 211 206 200 195 190 185 180 175 169 164 159 155 150 144 139 134 129 125 121 117 113 110 107 104 101 99 96 94 92 89 87 85 83 81 79 77 75 71 68 66 62 57 51 54 62 68 73 75 76 77 80 79 80 80 85 87 90 91 93 94 94 91 88 86 85 85 87 91
317 317 316 314 313 312 311 310 309 307 305 303 300 297 291 283 276 267 258 251 244 237 231 224 218 212 206 201 196 190 185 180 175 170 165 160 154 150 145 139 135 130 126 122 118 114 111 108 105 102 99 97 94 92 90 87 85 83 81 79 76 74 71 69 65 59 54 50 59 65 69 75 79 79 80 83 85 84 84 85 86 89 92 94 95 95 94 93 91 89 87 87 89
318 317 316 316 314 313 311 310 309 307 305 303 300 296 290 282 275 266 258 251 244 238 232 225 218 212 207 201 196 191 186 181 176 171 166 161 156 151 145 140 135 131 127 123 119 114 111 108 105 102 100 97 94 92 90 88 86 83 81 79 76 73 71 69 65 58 51 52 62 68 72 75 79 82 83 84 87 88 89 88 89 91 93 95 96 97 97 97 95 94 92 90 89
319 318 317 317 315 313 312 310 309 307 305 303 300 296 289 282 274 266 259 251 245 238 232 226 219 213 207 202 197 192 187 182 177 172 166 161 156 151 146 141 136 132 128 123 119 115 111 108 105 102 99 97 95 92 90 88 86 84 81 79 76 74 71 70 65 59 54 60 67 72 76 79 80 83 85 86 88 90 90 91 92 93 94 96 97 98 99 100 99 98 97 95 93
320 319 318 317 318 315 313 311 309 307 305 302 299 295 289 281 273 267 260 252 245 240 233 226 219 214 208 202 197 192 187 182 177 171 166 161 156 151 146 140 136 131 127 123 119 115 112 108 106 103 100 98 95 93 91 88 86 84 81 79 76 74 71 69 65 58 55 61 69 74 78 80 82 84 85 87 89 90 91 92 94 95 96 97 98 100 101 102 101 101 100 99 97
320 319 319 319 318 318 314 312 309 307 305 302 298 293 287 280 274 267 260 253 246 240 233 226 219 214 208 203 197 192 187 181 176 171 167 162 157 151 146 140 136 131 127 123 119 116 112 109 107 104 101 99 96 94 91 89 87 84 82 80 76 74 71 69 64 57 55 62 70 74 78 80 83 85 87 89 90 91 93 94 95 96 97 99 100 101 103 103 104 104 104 103 101
321 319 319 319 320 315 314 311 309 307 304 301 298 293 286 279 272 265 259 252 246 240 233 226 219 214 208 202 197 192 187 181 177 172 167 163 158 151 145 140 136 132 128 124 121 117 114 110 107 104 102 99 96 94 91 89 87 85 82 79 76 73 70 66 62 56 55 62 70 76 78 80 83 85 88 90 91 92 94 95 96 97 99 100 102 103 104 105 105 106 106 106 105
320 320 320 320 321 316 313 311 310 307 304 301 297 292 286 278 272 265 258 252 245 239 233 226 219 213 207 202 197 191 186 182 177 172 167 163 158 152 146 141 137 133 129 125 121 117 114 111 108 105 102 99 97 94 92 89 87 85 82 79 76 74 70 65 59 55 55 62 70 75 79 83 86 87 89 91 93 94 95 96 97 98 100 101 103 104 105 106 107 108 108 108 107
321 320 320 320 321 317 314 312 310 307 304 300 296 291 285 278 270 264 258 251 244 238 232 225 219 213 207 202 196 191 186 181 177 172 167 162 157 152 146 140 136 132 128 124 120 117 113 110 107 104 102 100 97 94 92 89 87 85 82 79 76 74 69 63 56 55 59 65 69 70 75 81 88 90 90 91 94 95 95 97 99 100 100 102 104 105 106 107 108 109 110 110 109
323 321 320 320 319 317 314 312 310 307 304 300 296 291 284 277 269 263 257 250 244 238 232 225 219 213 207 201 196 191 187 182 177 172 167 162 157 151 146 141 136 132 128 124 121 117 114 111 108 105 103 100 97 95 92 89 87 85 81 78 75 70 65 58 55 60 66 69 75 75 75 78 84 87 88 91 93 95 97 99 100 100 101 103 105 106 107 109 110 110 111 111 110
324 322 320 319 318 316 314 312 310 307 304 300 295 290 283 276 268 261 255 249 243 237 231 225 219 213 207 201 196 191 186 182 177 172 167 162 157 151 146 141 136 132 128 124 121 118 114 111 108 105 102 100 97 94 92 89 87 84 81 78 74 68 61 55 56 66 71 73 77 80 78 79 80 82 87 90 93 95 98 100 101 102 103 104 106 107 109 110 111 112 112 112 112
324 322 320 319 317 316 314 312 310 307 304 300 295 289 282 274 267 261 255 249 243 236 230 224 218 212 206 200 195 190 186 181 176 171 166 161 156 151 145 141 137 133 129 126 122 119 115 112 109 105 103 100 97 95 92 89 86 84 80 77 73 67 57 55 64 72 76 77 78 80 80 82 85 84 86 91 94 95 98 100 102 104 105 106 107 108 110 111 112 113 114 114 113
324 322 320 318 317 315 314 312 310 307 304 299 294 287 280 273 267 260 255 249 242 236 230 224 217 211 205 199 195 190 186 181 176 171 166 161 156 150 145 141 137 134 130 126 122 119 115 112 109 106 104 101 98 95 92 90 86 83 80 77 73 64 55 55 68 76 80 80 80 82 81 83 87 89 89 92 95 97 99 101 104 105 106 107 108 110 111 112 113 114 115 115 115
324 322 320 318 316 314 313 311 310 306 303 298 292 286 279 272 266 260 254 247 241 235 229 223 217 210 204 198 194 189 184 179 174 170 165 160 155 150 145 140 136 133 129 126 122 119 115 113 110 107 104 101 99 96 93 90 86 83 80 77 72 59 55 58 70 77 81 83 82 85 85 85 85 90 91 93 97 99 100 103 105 106 107 108 110 111 112 113 114 115 116 116 116
324 321 319 317 315 313 311 310 309 306 303 297 291 284 278 271 264 259 253 247 240 234 228 222 216 209 203 199 193 188 183 179 174 170 164 160 155 150 145 140 137 134 130 127 124 120 117 114 110 107 104 101 99 96 93 90 87 83 80 77 69 56 55 63 74 78 82 85 84 85 86 89 90 90 92 95 98 100 102 104 106 107 108 110 111 112 113 114 115 116 117 117 116
323 321 318 316 313 311 310 309 307 305 301 296 290 283 277 270 264 258 252 245 239 233 227 221 215 208 203 198 193 188 183 178 174 169 164 160 155 149 145 141 138 135 131 127 124 120 117 114 110 107 104 101 98 95 92 90 86 83 80 76 66 55 55 70 81 82 83 85 86 87 89 90 92 93 94 96 98 100 103 105 106 108 109 111 112 113 114 115 116 117 118 117 115
323 320 317 315 312 310 308 306 305 303 300 295 288 281 275 268 263 257 251 244 237 231 226 221 214 207 202 197 192 187 182 178 173 169 164 159 154 150 146 143 139 135 131 128 124 120 117 114 110 107 104 101 98 95 92 89 86 84 80 75 63 55 57 73 83 86 85 86 89 90 91 92 94 95 96 97 99 101 103 105 107 109 110 112 113 114 115 117 118 118 118 116 114
322 319 316 313 311 308 305 303 302 301 299 293 286 279 273 267 262 256 249 242 236 230 224 218 212 206 202 197 192 187 182 177 173 168 164 159 155 150 146 143 139 135 131 127 123 120 117 114 111 108 105 101 98 95 93 90 87 85 81 74 63 56 60 77 85 89 88 88 90 91 93 94 95 97 98 100 101 102 104 105 108 110 111 113 114 115 117 118 119 119 118 116 114
322 319 316 313 309 306 303 299 298 299 295 290 284 277 271 265 260 254 246 240 234 229 222 216 210 206 201 196 191 187 182 177 172 168 163 159 154 150 146 142 138 134 131 128 124 120 117 113 110 107 104 101 98 95 92 89 86 83 80 74 61 59 66 81 88 91 91 90 91 93 94 95 97 98 99 101 103 104 106 107 109 111 112 114 115 117 118 119 119 119 118 116 114
321 318 315 312 308 304 301 297 293 292 291 286 280 273 268 262 259 251 244 238 232 227 220 214 209 205 200 196 191 186 182 177 173 168 164 159 155 151 147 143 139 135 131 127 124 120 117 114 111 107 104 101 98 95 92 89 85 82 78 70 60 61 74 83 90 94 94 93 93 95 95 96 98 99 100 101 104 106 108 109 110 112 113 115 116 118 119 120 120 120 119 117 114
321 318 315 311 307 303 299 295 290 285 282 279 275 269 264 259 254 248 242 237 231 226 218 213 210 203 198 194 189 184 180 175 171 167 162 158 154 150 145 141 138 135 131 128 124 121 118 115 111 108 104 101 98 95 92 89 86 83 78 67 60 72 84 87 91 95 95 95 95 96 96 98 99 101 102 103 105 108 109 111 112 113 114 116 117 119 120 122 122 122 120 117 114
320 317 314 310 306 302 297 293 289 284 278 274 269 264 259 254 250 245 240 235 230 222 217 212 207 203 199 194 190 185 180 176 171 166 162 159 155 152 148 144 140 136 132 129 125 122 118 114 111 108 105 101 98 95 92 89 86 82 76 65 65 81 90 91 91 95 95 95 96 97 98 99 100 102 104 105 107 109 110 112 114 115 116 117 119 120 122 123 124 123 121 118 115
319 315 312 309 305 301 297 292 288 282 277 271 267 262 258 253 248 243 238 232 227 221 217 212 209 204 200 195 191 185 181 177 173 168 164 160 156 152 148 144 140 136 132 129 125 122 118 115 111 108 104 101 98 94 91 88 84 80 71 64 75 89 95 95 94 95 95 96 97 99 100 100 100 103 105 107 109 110 112 114 115 116 118 119 120 122 123 124 125 125 124 121 117
316 313 310 306 303 300 296 291 287 282 275 269 264 260 255 251 247 242 237 231 225 221 218 213 208 204 199 195 190 185 181 177 172 168 164 160 156 152 148 144 140 136 132 129 125 121 117 114 111 107 104 101 97 93 90 86 81 74 65 69 84 94 95 95 95 95 96 97 99 100 100 100 101 104 105 108 109 111 113 115 116 118 119 120 122 123 124 126 126 126 126 124 121
315 311 307 303 300 297 295 290 286 282 275 268 262 257 253 250 246 241 236 231 226 222 217 212 208 203 199 194 189 185 181 176 172 168 164 160 156 152 148 143 140 136 132 128 125 121 117 114 110 107 103 100 96 93 89 85 80 74 74 84 93 95 97 97 97 96 97 99 100 101 101 101 102 104 105 108 110 112 114 116 118 119 120 122 123 124 126 127 127 128 128 127 125
313 309 305 301 297 293 290 285 281 279 275 268 261 255 250 247 243 239 235 230 225 221 216 211 207 203 198 193 189 185 180 176 172 168 164 160 155 151 147 143 140 136 132 128 124 121 118 114 110 107 103 100 96 93 90 85 81 78 75 83 93 97 99 100 99 98 99 99 101 102 102 103 104 105 105 107 109 112 115 117 119 120 121 123 124 126 127 128 129 129 130 130 127
311 307 303 299 295 290 285 281 277 273 268 263 257 252 247 243 240 235 232 228 223 219 215 210 206 202 197 193 188 184 180 176 171 167 163 159 155 151 147 143 139 135 132 128 125 121 117 114 110 107 104 100 97 94 90 86 85 84 79 81 90 97 100 100 100 100 100 100 102 103 104 104 105 106 107 108 110 114 115 117 119 121 122 124 126 127 128 129 130 131 131 131 129
309 305 301 296 292 288 283 279 274 269 265 260 256 251 246 242 237 232 228 225 221 217 213 209 205 201 196 192 188 183 179 175 171 167 163 159 155 151 147 143 139 135 132 128 124 121 117 114 111 107 104 101 97 94 90 89 90 90 86 84 92 97 100 100 101 101 101 102 103 104 105 106 107 108 109 110 110 114 116 118 120 122 123 125 127 128 129 130 131 132 133 132 131
307 302 298 293 289 285 280 276 272 268 264 260 255 250 245 241 237 232 228 224 219 215 212 208 203 199 195 191 187 183 179 175 170 166 162 158 154 150 147 143 139 136 132 128 125 121 118 114 111 108 105 101 98 95 93 92 92 90 86 86 96 99 101 102 102 103 103 104 105 105 106 107 108 109 111 112 114 115 117 118 120 123 125 126 128 129 131 132 133 134 135 136 136
305 300 295 290 286 282 278 274 270 265 261 258 253 249 244 240 235 231 226 222 218 214 210 206 202 198 194 190 186 182 178 174 170 166 162 158 154 150 146 143 139 136 132 128 125 121 118 115 111 108 105 102 99 97 95 95 93 90 89 89 98 101 103 104 104 105 105 106 106 107 108 108 109 111 113 114 115 117 118 119 121 124 125 127 129 131 133 134 136 137 138 140 141
303 298 292 287 282 279 275 271 267 263 259 255 251 247 242 238 233 229 225 220 217 213 209 205 201 197 193 189 185 181 177 173 169 165 161 157 153 150 146 142 139 135 132 128 125 121 118 115 112 109 106 103 101 99 97 95 92 89 87 90 99 102 104 105 106 106 107 107 108 109 109 110 111 112 114 115 117 118 119 121 123 125 127 128 130 132 134 136 137 138 140 143 145
